* Limiar de jaccard do grupo: 0.5
* Lista dos valores de jaccard: [0.5, 0.5454545454545454, 0.5581395348837209, 0.5853658536585366, 0.5853658536585366, 0.6]
 
* Distancia mediana de similaridade: 0.9167103125462457
* Tamanho da lista dos alunos em geral classificados como pertences ao perfil: 76

* Tamanho da lista dos alunos em geral classificados como não pertences ao perfil: 618 

* Lista geral de distancias:
[1.0, 1.0, 1.0, 1.0, 1.0, 1.0, 1.0, 1.0, 1.0, 1.0, 1.0, 1.0, 1.0, 1.0, 1.0, 1.0, 1.0, 1.0, 1.0, 1.0, 1.0, 1.0, 1.0, 1.0, 1.0, 1.0, 1.0, 1.0, 1.0, 1.0, 1.0, 1.0, 1.0, 1.0, 1.0, 1.0, 1.0, 1.0, 1.0, 1.0, 1.0, 1.0, 1.0, 1.0, 1.0, 1.0, 1.0, 1.0, 1.0, 1.0, 1.0, 1.0, 1.0, 1.0, 1.0, 1.0, 1.0, 1.0, 1.0, 1.0, 1.0, 1.0, 1.0, 1.0, 1.0, 1.0, 1.0, 1.0, 1.0, 1.0, 1.0, 1.0, 1.0, 1.0, 1.0, 0.8465466273682458, 1.0, 1.0, 1.0, 1.0, 1.0, 1.0, 1.0, 1.0, 1.0, 1.0, 1.0, 1.0, 1.0, 1.0, 1.0, 1.0, 1.0, 1.0, 1.0, 1.0, 1.0, 1.0, 1.0, 1.0, 1.0, 1.0, 1.0, 0.8989494081527468, 1.0, 1.0, 1.0, 1.0, 1.0, 1.0, 1.0, 1.0, 1.0, 1.0, 1.0, 1.0, 1.0, 1.0, 1.0, 1.0, 1.0, 1.0, 1.0, 1.0, 1.0, 1.0, 1.0, 0.877629959453193, 1.0, 1.0, 1.0, 1.0, 0.8698333346181446, 1.0, 1.0, 0.7899285708391477, 0.8740000009536744, 1.0, 1.0, 1.0, 1.0, 0.8839007940084215, 1.0, 1.0, 1.0, 0.9411577389826851, 1.0, 1.0, 1.0, 1.0, 1.0, 1.0, 1.0, 1.0, 1.0, 1.0, 1.0, 1.0, 1.0, 1.0, 1.0, 1.0, 1.0, 1.0, 1.0, 1.0, 1.0, 1.0, 1.0, 1.0, 1.0, 0.859775795491915, 1.0, 1.0, 1.0, 0.8394910705941064, 1.0, 1.0, 1.0, 0.9284563574052992, 0.8757063494315223, 1.0, 1.0, 1.0, 0.8310188510706501, 1.0, 1.0, 1.0, 1.0, 1.0, 1.0, 0.9580188499083595, 1.0, 1.0, 1.0, 1.0, 1.0, 1.0, 1.0, 1.0, 0.8586507965647985, 1.0, 1.0, 0.8835605177141371, 1.0, 0.7692480139789127, 1.0, 1.0, 1.0, 1.0, 0.8183521801339728, 1.0, 1.0, 1.0, 1.0, 1.0, 1.0, 1.0, 1.0, 1.0, 1.0, 1.0, 1.0, 1.0, 1.0, 1.0, 1.0, 1.0, 0.7940188490209125, 1.0, 1.0, 1.0, 1.0, 1.0, 1.0, 1.0, 1.0, 1.0, 1.0, 1.0, 1.0, 1.0, 1.0, 0.9291041639116076, 1.0, 1.0, 1.0, 0.9086021833476566, 1.0, 1.0, 1.0, 1.0, 1.0, 1.0, 1.0, 1.0, 1.0, 1.0, 1.0, 1.0, 0.9131716267457084, 1.0, 0.826942459363786, 0.9287271843543128, 1.0, 1.0, 0.7821994098879042, 0.9136855181247469, 1.0, 1.0, 1.0, 1.0, 1.0, 1.0, 1.0, 1.0, 1.0, 1.0, 1.0, 1.0, 1.0, 1.0, 1.0, 1.0, 1.0, 1.0, 1.0, 0.8514285741107804, 1.0, 1.0, 1.0, 0.7998244086428294, 1.0, 1.0, 1.0, 1.0, 0.8210744072520544, 0.8566577377773467, 1.0, 1.0, 1.0, 1.0, 1.0, 1.0, 1.0, 1.0, 1.0, 1.0, 1.0, 1.0, 1.0, 1.0, 1.0, 1.0, 1.0, 1.0, 1.0, 1.0, 1.0, 1.0, 1.0, 1.0, 1.0, 0.8512202386581709, 1.0, 1.0, 1.0, 1.0, 1.0, 1.0, 1.0, 1.0, 1.0, 1.0, 1.0, 1.0, 0.8161736139820682, 1.0, 1.0, 1.0, 1.0, 1.0, 1.0, 1.0, 1.0, 1.0, 0.8254771800031737, 1.0, 1.0, 1.0, 1.0, 1.0, 1.0, 1.0, 1.0, 1.0, 1.0, 0.8179910724302606, 1.0, 1.0, 0.8782688527826279, 1.0, 1.0, 1.0, 1.0, 1.0, 1.0, 1.0, 0.91954861316416, 1.0, 1.0, 1.0, 1.0, 1.0, 1.0, 1.0, 1.0, 1.0, 1.0, 1.0, 1.0, 1.0, 1.0, 1.0, 1.0, 1.0, 1.0, 1.0, 1.0, 1.0, 1.0, 1.0, 1.0, 1.0, 1.0, 1.0, 1.0, 1.0, 1.0, 1.0, 1.0, 1.0, 1.0, 1.0, 1.0, 1.0, 1.0, 1.0, 0.8514563556701418, 1.0, 1.0, 1.0, 1.0, 0.8748521857318424, 1.0, 0.8019007947236774, 1.0, 1.0, 0.9538749986224704, 1.0, 1.0, 1.0, 1.0, 1.0, 1.0, 1.0, 1.0, 1.0, 1.0, 0.735164685996752, 0.8879236151774724, 1.0, 1.0, 1.0, 1.0, 1.0, 1.0, 1.0, 1.0, 1.0, 1.0, 1.0, 1.0, 1.0, 1.0, 1.0, 0.9478174593240496, 1.0, 1.0, 1.0, 1.0, 1.0, 1.0, 1.0, 1.0, 1.0, 1.0, 1.0, 1.0, 0.8816319482194053, 1.0, 1.0, 0.771560523446117, 1.0, 1.0, 1.0, 1.0, 1.0, 1.0, 1.0, 1.0, 1.0, 1.0, 1.0, 1.0, 1.0, 1.0, 1.0, 1.0, 1.0, 0.7337271815727627, 1.0, 0.8949375049935446, 1.0, 0.9006875014967388, 0.8530833340353436, 1.0, 0.787484131540571, 1.0, 0.9430416683355968, 1.0, 1.0, 1.0, 1.0, 0.9038799597512162, 1.0, 0.8349077375753531, 1.0, 0.9198819445239174, 0.8144424616817444, 1.0, 0.9089563495109951, 0.8738422573085816, 1.0, 0.7807341270503544, 1.0, 1.0, 1.0, 1.0, 1.0, 1.0, 0.8545535732001539, 1.0, 1.0, 1.0, 1.0, 1.0, 0.8426577425192273, 0.9022132949223594, 1.0, 1.0, 0.8686041702826818, 1.0, 0.8499563501467781, 0.9664097236262428, 1.0, 0.8826200399606947, 1.0, 1.0, 1.0, 0.8860763905776872, 0.8296299625956823, 0.8977619061394343, 1.0, 0.6808938489546851, 1.0, 1.0, 1.0, 0.815845234479223, 1.0, 1.0, 1.0, 1.0, 0.8875486102369097, 1.0, 0.816886903794985, 0.8802847219838037, 0.9051438476831194, 1.0, 1.0, 1.0, 1.0, 1.0, 1.0, 1.0, 1.0, 1.0, 1.0, 1.0, 1.0, 0.7816507902765084, 0.8436646878246277, 1.0, 1.0, 1.0, 1.0, 1.0, 1.0, 1.0, 1.0, 1.0, 1.0, 1.0, 1.0, 1.0, 0.8301299617877081, 1.0, 1.0, 1.0, 1.0, 0.8714444468418757, 1.0, 1.0, 0.8222063540939301, 1.0, 0.8019910732432017, 1.0, 1.0, 1.0, 1.0, 1.0, 1.0, 1.0, 1.0, 1.0, 1.0, 1.0, 1.0, 1.0, 1.0, 1.0, 1.0, 1.0, 0.9057480235421469, 1.0, 0.7952619075302094, 1.0, 1.0, 1.0, 1.0, 1.0, 1.0, 1.0, 1.0, 1.0, 1.0, 1.0, 0.8103313498967697, 1.0, 1.0, 1.0, 1.0, 1.0, 1.0, 1.0, 1.0, 1.0, 1.0, 1.0, 1.0, 1.0, 1.0, 1.0, 1.0, 1.0, 1.0, 1.0, 1.0, 1.0, 1.0, 1.0, 1.0, 1.0, 1.0, 1.0, 1.0, 1.0, 1.0, 1.0, 1.0, 1.0, 0.9064583324723774, 1.0, 1.0, 1.0, 1.0, 1.0, 1.0, 1.0, 1.0, 1.0, 0.7658105223897903, 1.0, 1.0, 1.0, 0.7419355186678114, 1.0, 1.0, 1.0, 1.0, 1.0, 1.0, 1.0, 1.0, 1.0, 1.0, 1.0, 1.0, 1.0, 1.0, 0.8625535734352612, 1.0, 1.0, 1.0, 1.0, 1.0, 1.0, 1.0, 1.0, 1.0, 1.0, 1.0, 1.0, 1.0]
 

