* Quantidade de alunos: 27
* Aluno representante: f8d9185e31b524097b63edf069dd758e
* Média de distancia do representante: 0.8344143529112139
* Média de distancia dos alunos do conjunto:
[[699d03a9c1e8c65bd71a0ba2847d59d5, 0.8624143512643597], [eb5bd61d38b381b95ae1498c0fe69d02, 0.885384258400235], [7130b34ad64bd8e9bcc5ef75bf6b43be, 0.8680787053304139], [0fb59b53b6701bb7e419ff0d5f634da0, 0.8470115758685601], [92e73844859f9e37b62232bd5aba8432, 0.8618680601801582], [a0ba5ba1f38782d8da9bd8a7bbf9edf9, 0.8762222217671849], [6c0ebc039b69b8b992e14988bf646b6f, 0.8553819455413355], [a716d965d2d2cf366dcff9c969b6c256, 0.8784699077959415], [9c3561cbaaf4e8c258c3dd4997f47654, 0.8894375036643057], [d84e30a8c89c1fd3d81f082262a9ba4d, 0.8804421305587448], [e50340f9671fd8cb2645f4e2bc0a2af0, 0.8829953706857784], [054d2569191eca1f23ef8302d84cd3bb, 0.881824072415906], [e1278dbd1c32630f0e6284af032edffd, 0.8872199076124363], [f8d9185e31b524097b63edf069dd758e, 0.8344143529112139], [bb4da3fb7b622cdf628138719f2d55c2, 0.875108798062084], [06b2d9bd51bc9d3e644448d5db00bad8, 0.8669189820617988], [fce3e592af57f286edfd1e46450d51c3, 0.8874074104138546], [ab73173363c0d892145f8b094dc7d455, 0.8815578686901264], [f71cd5a59ef19a21214cc66f04c2e255, 0.8811527764286707], [6b3bd4a61378f12a715abdba1d9f7838, 0.8741967590801694], [06e0019398e7d4184a6969bfc36c8bc2, 0.8629074032590895], [e074625a1855adde60945dea809e9adf, 0.8843935177213065], [3c4be83e99e54eeb7b9024c3653f072d, 0.8650949111622244], [3ee7d18ed3b84c262ec0f7ebb6af87eb, 0.8749259278661123], [9d005ff32b101a08d44633ed183a76a6, 0.8351134308993265], [aa01d7b5b088bfb2d326919d2ba23b27, 0.8575439805716828], [79d36fc47f560c34e12a1cac5cbd7737, 0.8781666661785155]]
 
* Quantidade de disciplinas do representante: 46
* Limiar de jaccard do grupo: 0.21052631578947367
* Lista dos limiares do jaccard dos alunos do grupo:
[0.21052631578947367, 0.2191780821917808, 0.22077922077922077, 0.2236842105263158, 0.2236842105263158, 0.22666666666666666, 0.22666666666666666, 0.22666666666666666, 0.22972972972972974, 0.22972972972972974, 0.2328767123287671, 0.2361111111111111, 0.2361111111111111, 0.2361111111111111, 0.23684210526315788, 0.23943661971830985, 0.23943661971830985, 0.2463768115942029, 0.25, 0.2571428571428571, 0.2608695652173913, 0.5245901639344263, 0.5409836065573771, 0.5423728813559322, 0.7358490566037735, 0.8571428571428571, 1.0]
 
* Distancia mediana de similaridade: 0.8443750066682696
* Tamanho da lista dos alunos excluídos do conjunto e classificados como pertences ao perfil: 21
* Tamanho da lista dos alunos excluídos do conjunto e classificados como não pertences ao perfil: 6

* Tamanho da lista dos alunos em geral classificados como pertences ao perfil: 60
 
* Tamanho da lista dos alunos em geral classificados como não pertences ao perfil: 661
 
lista geral
[1.0, 1.0, 1.0, 0.7051249980926513, 1.0, 1.0, 1.0, 1.0, 1.0, 1.0, 1.0, 1.0, 1.0, 1.0, 1.0, 1.0, 1.0, 0.705562498094514, 0.7649374980945141, 1.0, 1.0, 1.0, 1.0, 1.0, 1.0, 1.0, 1.0, 1.0, 0.7436874995008111, 1.0, 1.0, 1.0, 1.0, 1.0, 1.0, 1.0, 0.7051249980926513, 1.0, 1.0, 1.0, 1.0, 1.0, 1.0, 0.8016249978914857, 1.0, 0.7924374997615814, 1.0, 1.0, 1.0, 1.0, 1.0, 1.0, 1.0, 1.0, 1.0, 1.0, 0.8657499990426004, 1.0, 1.0, 1.0, 1.0, 1.0, 0.890124998986721, 1.0, 1.0, 0.9216249991580844, 1.0, 1.0, 1.0, 1.0, 0.9281874984502793, 1.0, 1.0, 1.0, 1.0, 0.8498750014230609, 1.0, 1.0, 1.0, 1.0, 0.9400624990463257, 1.0, 0.9318124998733401, 1.0, 1.0, 1.0, 1.0, 1.0, 0.7613125009462237, 1.0, 1.0, 1.0, 0.7507499992847443, 1.0, 1.0, 1.0, 1.0, 1.0, 1.0, 1.0, 1.0, 1.0, 1.0, 0.910249999165535, 1.0, 0.8994999997317791, 0.8933124966919422, 1.0, 1.0, 1.0, 1.0, 1.0, 1.0, 1.0, 1.0, 1.0, 1.0, 0.8992500007152557, 1.0, 1.0, 0.9640625005960465, 1.0, 1.0, 1.0, 1.0, 1.0, 1.0, 0.9223125040531158, 1.0, 0.9054999986663461, 0.8861249996349215, 1.0, 0.9019999921321868, 1.0, 1.0, 0.8846875024959445, 0.9203125013038516, 0.9580624997615814, 1.0, 0.7535000069066882, 1.0, 0.8641250086948276, 0.8062499983236193, 1.0, 0.8904999984428287, 1.0, 1.0, 1.0, 0.9493749976158142, 1.0, 1.0, 1.0, 1.0, 1.0, 1.0, 1.0, 1.0, 1.0, 1.0, 1.0, 1.0, 0.8796875036880374, 1.0, 0.8660000075027346, 0.9361249960958957, 1.0, 1.0, 0.8826250029727817, 0.9116875035688281, 1.0, 1.0, 0.9396250009536743, 0.8307500017806888, 0.8645624978467822, 0.6816875023767353, 0.8102499915286898, 1.0, 0.7894999904558063, 1.0, 0.7962499929592013, 0.868375007621944, 0.8997500030323863, 1.0, 1.0, 1.0, 0.7524375094100832, 0.8471875024959445, 1.0, 1.0, 1.0, 0.8961875004693866, 0.8391249967738986, 1.0, 0.8993750005960465, 1.0, 0.9384999975562096, 1.0, 1.0, 0.9235624983906746, 0.7051249980926513, 1.0, 1.0, 0.9262500030919909, 1.0, 1.0, 1.0, 1.0, 0.9604999959468842, 1.0, 1.0, 1.0, 0.8505000008270145, 1.0, 1.0, 0.8915000004693866, 1.0, 0.8713124988600611, 1.0, 1.0, 0.9287500023841858, 1.0, 0.9081249995157122, 1.0, 1.0, 1.0, 0.9373749984428287, 0.9584999978542328, 1.0, 1.0, 1.0, 1.0, 0.9783749997615814, 0.8994375063106418, 1.0, 0.9212500005960464, 0.8048750145360828, 0.9451874958351254, 0.846625000052154, 1.0, 0.9664375007152557, 0.8718750027939677, 1.0, 0.9316874995827675, 1.0, 0.8195624977815896, 1.0, 1.0, 0.9006874984130263, 1.0, 1.0, 0.9556250005960465, 1.0, 1.0, 0.8930625034496188, 1.0, 0.9506249994039535, 1.0, 0.89424999486655, 0.7811249991878867, 0.8586875034496189, 0.9499375015497208, 0.9335624977946282, 0.9014687497541308, 0.833249999396503, 1.0, 1.0, 0.7559374971315265, 0.8847500033304095, 0.9389999985694886, 1.0, 0.8735624998807907, 1.0, 1.0, 0.9115625007078052, 1.0, 0.855375000834465, 0.9798750042915344, 1.0, 1.0, 0.885437504760921, 0.9195000035688281, 0.9143125087022781, 0.8775624943897128, 1.0, 1.0, 0.8553124977275729, 0.9619374979287386, 1.0, 1.0, 1.0, 0.9638750024139882, 1.0, 1.0, 1.0, 0.9543750017881394, 1.0, 1.0, 1.0, 0.9793125003576278, 0.7548749966546893, 0.9527500033378601, 1.0, 0.9080624973401428, 1.0, 1.0, 1.0, 0.8271874977275729, 1.0, 0.8845625055953861, 1.0, 1.0, 0.8803124977275729, 0.9413125038146972, 1.0, 1.0, 1.0, 1.0, 0.8851250000298023, 1.0, 0.9001875055953861, 0.7171874977648258, 1.0, 0.971937495470047, 1.0, 1.0, 1.0, 0.8831250007078051, 0.9385625019669532, 1.0, 1.0, 1.0, 0.8958749992772936, 1.0, 0.7644999980926513, 1.0, 1.0, 1.0, 1.0, 0.9076249986886978, 1.0, 1.0, 1.0, 1.0, 1.0, 1.0, 1.0, 1.0, 1.0, 1.0, 1.0, 0.9022500038146972, 0.9134999964386225, 1.0, 1.0, 1.0, 1.0, 0.9439999967813492, 1.0, 1.0, 1.0, 1.0, 0.9111874958500266, 1.0, 1.0, 0.8621875001117587, 0.9648750007152558, 0.8697187544032932, 1.0, 1.0, 1.0, 1.0, 1.0, 0.9203750027343631, 1.0, 0.9469999998807908, 0.8091875029727816, 0.9221249997615815, 1.0, 1.0, 1.0, 1.0, 0.8572500033304096, 1.0, 0.9589999973773956, 0.8064999951049685, 0.9535625010728837, 1.0, 1.0, 1.0, 0.8986874967813492, 1.0, 1.0, 1.0, 0.9301874995231628, 0.8176875090226531, 0.9146249979734421, 0.9603750020265579, 1.0, 1.0, 0.8336875034496188, 1.0, 1.0, 1.0, 1.0, 0.9550625056028366, 1.0, 0.8222499949857592, 1.0, 1.0, 1.0, 0.840999998152256, 0.9253749966621398, 1.0, 1.0, 1.0, 1.0, 0.8769375009462237, 0.800187517516315, 1.0, 1.0, 1.0, 0.8489375008270145, 0.9226875007152557, 0.8785625008866191, 1.0, 1.0, 0.9055000020191073, 0.8753125054761768, 0.925874999165535, 1.0, 0.8423125041648746, 0.95450000166893, 1.0, 0.909000007621944, 1.0, 0.9339999973773956, 0.9319999996572733, 1.0, 0.9730625033378602, 0.9193125009536743, 0.7364374995231628, 1.0, 0.912750001437962, 1.0, 1.0, 1.0, 0.9704999983310699, 1.0, 0.9148124992847443, 0.8693125022575259, 0.8231875045225024, 0.9593124985694885, 1.0, 1.0, 0.9686874985694885, 1.0, 0.9025624986737967, 1.0, 1.0, 1.0, 0.9722499996423721, 1.0, 1.0, 0.9491874992847442, 1.0, 1.0, 0.8966250045225024, 0.8963125033304096, 1.0, 1.0, 0.955375000834465, 1.0, 0.9361250013113022, 1.0, 1.0, 1.0, 1.0, 1.0, 0.8099375052377582, 1.0, 1.0, 0.8536250025033951, 0.9119375020265579, 1.0, 0.8621249986812473, 1.0, 1.0, 1.0, 0.9307500004768372, 0.9561250017955899, 1.0, 1.0, 0.9312499981373549, 0.9456250011920929, 0.7051249980926513, 0.9360624995082617, 0.8719375086948276, 1.0, 0.9085000040009618, 0.9788749992847443, 1.0, 1.0, 0.8410625023767352, 1.0, 0.9075000017881394, 1.0, 0.8105625046417118, 0.9479374945163727, 0.8836249977350235, 0.9464999943971634, 0.8859374968335032, 0.9243749946355819, 0.934937497973442, 0.7921249985694885, 1.0, 1.0, 0.763437501899898, 0.8901250017806888, 0.9616250038146973, 1.0, 0.8630000008270144, 1.0, 0.9555624991655349, 0.8145000010728836, 0.883937500230968, 0.9533749967813492, 0.7348749978467822, 1.0, 0.8856250001117587, 0.8381874989718199, 1.0, 1.0, 0.8396875066682696, 0.7141874983906746, 0.9568125009536743, 0.847250004298985, 1.0, 0.900187499076128, 0.9119375015422702, 1.0, 1.0, 0.8616875005885959, 0.9408124996349215, 1.0, 1.0, 0.9118750005960464, 1.0, 0.8887499988079071, 0.9487500011920929, 1.0, 0.8676875008270144, 1.0, 0.9445625007152557, 0.8843124998733402, 0.925500002503395, 0.8186875013634562, 0.9387500032782554, 1.0, 0.8989999992772937, 0.7814374966546893, 1.0, 1.0, 1.0, 0.8873125014826655, 1.0, 1.0, 1.0, 1.0, 0.9463125020265579, 1.0, 0.901125000230968, 0.9219999983906746, 0.915374998562038, 0.854624996241182, 1.0, 1.0, 0.9167499987408518, 1.0, 0.836374999769032, 1.0, 1.0, 1.0, 0.9630000025033951, 1.0, 1.0, 0.9024375008419157, 0.8333749992772936, 1.0, 1.0, 1.0, 1.0, 0.7363125069066883, 1.0, 1.0, 0.9448749989271163, 0.8804999932646751, 0.7507499992847443, 1.0, 0.9032499998807907, 1.0, 1.0, 0.8399375094100833, 1.0, 1.0, 1.0, 0.8592187584564089, 0.9594375014305114, 1.0, 1.0, 0.8787500036880374, 1.0, 0.8405624968931079, 1.0, 0.8560000057145953, 1.0, 1.0, 1.0, 0.8399375004693865, 1.0, 1.0, 1.0, 1.0, 1.0, 1.0, 1.0, 0.9462500065565109, 1.0, 1.0, 1.0, 0.8445624990388751, 1.0, 0.885687498934567, 0.897624996304512, 1.0, 0.9316249966621399, 1.0, 1.0, 1.0, 1.0, 1.0, 1.0, 1.0, 1.0, 0.8758124923333526, 1.0, 1.0, 1.0, 1.0, 1.0, 1.0, 1.0, 1.0, 1.0, 1.0, 1.0, 1.0, 1.0, 1.0, 1.0, 1.0, 0.8851875014603138, 0.9568125009536743, 1.0, 1.0, 1.0, 1.0, 1.0, 1.0, 1.0, 1.0, 1.0, 1.0, 1.0, 0.9118749981746077, 1.0, 1.0, 1.0, 0.9695000022649765, 1.0, 1.0, 1.0, 1.0, 1.0, 1.0, 1.0, 1.0, 1.0, 0.8793124986812473, 1.0, 0.9660625010728836, 1.0, 0.8633124990388751, 1.0, 1.0, 1.0, 1.0, 1.0, 0.7051249980926513, 1.0, 1.0, 1.0, 1.0, 1.0, 0.8934374988079071, 0.8706874966621398, 0.8535625023767353, 0.8581250017508865, 0.9221874987706542, 1.0, 1.0, 1.0, 1.0, 0.7796250058338046, 1.0, 1.0, 0.8773125005885959, 1.0, 1.0, 0.8814374996349216, 1.0, 1.0]
 

