* Quantidade de alunos no conjunto: 54
* Aluno representante: 207b9a60df631806b5a852eff75317f6
* Menor distancia: 0.8284836607268952
* List das medias de distancias:
[[546953cd509134fc0145034d3fa34d16, 0.8638235295747363], [89a673b14d125388ad0ad0b8fb69a406, 0.8897385641607842], [ba3dc3f9b10173815bff97ffd4f64d55, 0.8901775632516233], [771dd9cc285a4564983efa2de15de484, 0.8559727685611234], [207b9a60df631806b5a852eff75317f6, 0.8284836607268952], [93c96f650cedb8855756b909ad46f2cc, 0.8901285403921452], [79d36fc47f560c34e12a1cac5cbd7737, 0.8785206956508889], [3ee7d18ed3b84c262ec0f7ebb6af87eb, 0.8730087179211751], [3c4be83e99e54eeb7b9024c3653f072d, 0.8746971709763302], [f71cd5a59ef19a21214cc66f04c2e255, 0.8870119809292761], [ab73173363c0d892145f8b094dc7d455, 0.8848355111181084], [1c19f151759c195fc3bbb212449904df, 0.8764869266313406], [f8d9185e31b524097b63edf069dd758e, 0.830185186408444], [e1278dbd1c32630f0e6284af032edffd, 0.8869912861966097], [9d005ff32b101a08d44633ed183a76a6, 0.8460773479672298], [06e0019398e7d4184a6969bfc36c8bc2, 0.8721405193144719], [6b3bd4a61378f12a715abdba1d9f7838, 0.8801165582535057], [fce3e592af57f286edfd1e46450d51c3, 0.8940817019226506], [e50340f9671fd8cb2645f4e2bc0a2af0, 0.883685184924301], [d84e30a8c89c1fd3d81f082262a9ba4d, 0.8885577350627623], [e074625a1855adde60945dea809e9adf, 0.8878235292558059], [9ef38f85f269e2af616afaaceda612af, 0.8820588289230477], [9c3561cbaaf4e8c258c3dd4997f47654, 0.8976590441949748], [054d2569191eca1f23ef8302d84cd3bb, 0.8845697160087902], [f260e3f3c9149a7e3eb254999d441eb3, 0.8746111144914349], [78172c5f11fb7de5ac3f3afc1e97b36b, 0.8774379121679367], [a716d965d2d2cf366dcff9c969b6c256, 0.8840795218035545], [6c0ebc039b69b8b992e14988bf646b6f, 0.8670773427957805], [a0ba5ba1f38782d8da9bd8a7bbf9edf9, 0.8855675378104181], [92e73844859f9e37b62232bd5aba8432, 0.860562096360852], [0fb59b53b6701bb7e419ff0d5f634da0, 0.8471644888483879], [7130b34ad64bd8e9bcc5ef75bf6b43be, 0.8760882377332331], [c3befdcdfd151c1abc06212b25dec0b4, 0.8647058874660846], [3518a46fe22737b077c549bca309f85d, 0.8625522889570212], [ce428d76c1d44e5de8693a5dfc7dcd22, 0.8939891097040478], [eb5bd61d38b381b95ae1498c0fe69d02, 0.8863692797054911], [699d03a9c1e8c65bd71a0ba2847d59d5, 0.8621797376436087], [53212357e05eb505ae08ed5d52751a1d, 0.8851100198291486], [06b2d9bd51bc9d3e644448d5db00bad8, 0.8682625274220583], [8ee376faabd54c550a8f4ab5dce84430, 0.8892832228528389], [aa01d7b5b088bfb2d326919d2ba23b27, 0.8572200424238745], [19cc268822296c4d6b2282ea88397848, 0.9006764677063053], [bbaafee0af6860d5852c4f63e5694f5b, 0.8713965195423896], [c8a7ed86988acbf1273c7e35534ebe3b, 0.885567538174019], [8af3991843aa21c18d97438c2c42c26f, 0.8670827921406894], [b573a6bfce108997506c755c9380ffc8, 0.8599248398590449], [111233f0d385757ce7af6df6ea46c4d1, 0.8822243991468206], [1a6df1660359d3a033f3401acd2a20ad, 0.884343136860005], [bb4da3fb7b622cdf628138719f2d55c2, 0.8701612215383638], [b7313f565c8880edc11daf8dc5ad3bf1, 0.8934237464807911], [9d02f9277b8de4962c321a6ae1b3451b, 0.8831982586865588], [e9494b4b10c808824745e0e73da6cf2b, 0.8627069760738894], [a5319d6421c281d81df559cf79a45aac, 0.8700827914093314], [27e2828ec899b61b320d324d05b85f8d, 0.8790991259264009]]
 
* Quantidade de disciplinas do representante: 45
* Limiar de jaccard do grupo: 0.32857142857142857
* Lista dos valores de jaccard:
[0.32857142857142857, 0.32857142857142857, 0.32857142857142857, 0.3382352941176471, 0.3382352941176471, 0.3382352941176471, 0.3382352941176471, 0.3382352941176471, 0.34328358208955223, 0.34328358208955223, 0.3484848484848485, 0.3484848484848485, 0.3484848484848485, 0.35294117647058826, 0.35294117647058826, 0.35294117647058826, 0.35384615384615387, 0.35384615384615387, 0.35384615384615387, 0.3582089552238806, 0.359375, 0.359375, 0.36363636363636365, 0.36363636363636365, 0.36923076923076925, 0.36923076923076925, 0.36923076923076925, 0.36923076923076925, 0.36923076923076925, 0.36923076923076925, 0.3709677419354839, 0.3709677419354839, 0.373134328358209, 0.375, 0.375, 0.38095238095238093, 0.38095238095238093, 0.38095238095238093, 0.38095238095238093, 0.3870967741935484, 0.3870967741935484, 0.3870967741935484, 0.3870967741935484, 0.390625, 0.3968253968253968, 0.45, 0.6428571428571429, 0.6727272727272727, 0.6909090909090909, 0.7307692307692307, 0.75, 0.8367346938775511, 0.8571428571428571, 1.0]
 
* Distancia mediana de similaridade: 0.8367647142971263
* Tamanho da lista dos alunos em geral classificados como pertences ao perfil: 63

* Tamanho da lista dos alunos em geral classificados como não pertences ao perfil: 631
 
lista geral
[1.0, 1.0, 1.0, 1.0, 1.0, 1.0, 1.0, 1.0, 1.0, 1.0, 1.0, 1.0, 1.0, 1.0, 1.0, 1.0, 1.0, 1.0, 1.0, 1.0, 1.0, 1.0, 1.0, 1.0, 1.0, 1.0, 1.0, 1.0, 1.0, 1.0, 1.0, 1.0, 1.0, 1.0, 1.0, 1.0, 1.0, 1.0, 1.0, 1.0, 1.0, 1.0, 1.0, 1.0, 1.0, 1.0, 1.0, 1.0, 1.0, 1.0, 1.0, 1.0, 1.0, 1.0, 1.0, 1.0, 1.0, 1.0, 1.0, 1.0, 1.0, 1.0, 1.0, 1.0, 1.0, 0.9074705858791576, 1.0, 1.0, 1.0, 1.0, 1.0, 1.0, 1.0, 1.0, 1.0, 0.7964705859913546, 1.0, 1.0, 1.0, 1.0, 1.0, 1.0, 0.9155882352941176, 1.0, 1.0, 1.0, 1.0, 1.0, 1.0, 1.0, 1.0, 1.0, 1.0, 1.0, 1.0, 1.0, 1.0, 1.0, 1.0, 1.0, 1.0, 1.0, 1.0, 0.8699411812950583, 1.0, 1.0, 1.0, 1.0, 1.0, 1.0, 1.0, 1.0, 1.0, 1.0, 1.0, 1.0, 1.0, 1.0, 1.0, 1.0, 0.9446470574771657, 1.0, 1.0, 1.0, 1.0, 1.0, 1.0, 1.0, 1.0, 0.7245882391929626, 0.8523529417374555, 1.0, 0.8085882411283605, 1.0, 1.0, 1.0, 1.0, 1.0, 1.0, 0.7198235315435073, 1.0, 0.8370588218464571, 1.0, 1.0, 1.0, 0.9066470594967113, 1.0, 1.0, 0.8908235275044161, 1.0, 0.9044117703157313, 1.0, 0.9427941176470588, 1.0, 1.0, 1.0, 1.0, 1.0, 0.9390000040390912, 1.0, 0.9545882415771485, 0.8391764703918906, 1.0, 1.0, 0.8314117684083826, 0.892999999663409, 1.0, 1.0, 0.892941177592558, 1.0, 1.0, 1.0, 1.0, 1.0, 1.0, 0.8022353004006778, 1.0, 1.0, 1.0, 1.0, 0.8153529419618495, 1.0, 0.9235882394454058, 1.0, 0.8739411760778988, 1.0, 1.0, 1.0, 1.0, 1.0, 1.0, 0.930999999887803, 1.0, 1.0, 1.0, 1.0, 1.0, 1.0, 1.0, 1.0, 0.7722941202275893, 1.0, 1.0, 0.8141764753005084, 1.0, 0.7470588193220251, 1.0, 1.0, 0.8782353008494658, 1.0, 0.8487058807821835, 1.0, 1.0, 1.0, 1.0, 0.9348235298605526, 1.0, 1.0, 1.0, 1.0, 0.961882350024055, 0.8447647094726562, 1.0, 0.9048235304215375, 0.7868235391729018, 0.7395294147379258, 1.0, 1.0, 0.7643529457204482, 1.0, 0.8652352936127606, 1.0, 1.0, 1.0, 1.0, 0.8142352924627416, 1.0, 1.0, 0.9124117598814123, 1.0, 1.0, 0.8150588259977453, 1.0, 0.9294117619009579, 1.0, 0.8554117707645191, 0.743764705342405, 0.8582352918737075, 0.8771176478442024, 1.0, 0.9223235292995677, 0.8375294180477366, 1.0, 1.0, 0.9284705896938549, 0.9101176486295812, 1.0, 0.7508235286263859, 1.0, 1.0, 0.8986470587113324, 1.0, 0.8379999974194695, 1.0, 1.0, 1.0, 0.7045294183142046, 1.0, 0.8595882331623751, 1.0, 1.0, 0.84200000482447, 0.9380588240483227, 1.0, 1.0, 1.0, 0.8888823544277864, 1.0, 1.0, 1.0, 0.9147058851578657, 1.0, 1.0, 1.0, 0.9550588243147906, 0.8874705903670367, 1.0, 0.7901764722431407, 1.0, 1.0, 1.0, 0.7230588267831242, 1.0, 0.8718235324410831, 1.0, 1.0, 0.839235294566435, 0.8567058815675623, 1.0, 1.0, 0.9485882338355569, 1.0, 0.7859411779571982, 1.0, 0.8621176495271571, 1.0, 1.0, 0.916588233498966, 1.0, 1.0, 1.0, 0.9389411774803611, 1.0, 1.0, 1.0, 1.0, 0.8537647135117474, 1.0, 1.0, 1.0, 1.0, 1.0, 1.0, 1.0, 1.0, 1.0, 1.0, 1.0, 1.0, 1.0, 1.0, 1.0, 1.0, 1.0, 1.0, 0.8961176479563994, 0.8078235321185168, 1.0, 1.0, 1.0, 1.0, 0.9231764653149773, 1.0, 1.0, 1.0, 1.0, 0.791235290555393, 1.0, 1.0, 0.8035294140086454, 0.8842941171982709, 0.9503823572046617, 1.0, 1.0, 1.0, 1.0, 1.0, 0.838294116188498, 1.0, 0.9300588243147906, 0.8281176482929903, 1.0, 1.0, 1.0, 1.0, 1.0, 0.8130000058342428, 1.0, 0.9102352927712833, 0.8924705870011274, 1.0, 1.0, 1.0, 0.796941187802483, 1.0, 1.0, 1.0, 1.0, 0.6592353000360377, 1.0, 1.0, 1.0, 1.0, 0.9582941223593319, 1.0, 1.0, 1.0, 1.0, 0.8675294174867518, 1.0, 1.0, 1.0, 1.0, 1.0, 1.0, 1.0, 1.0, 1.0, 1.0, 0.8806470646577723, 1.0, 1.0, 1.0, 0.958411766501034, 1.0, 1.0, 1.0, 1.0, 0.8280588346369127, 0.9101764707004323, 1.0, 0.9508235314313103, 1.0, 0.8351764735053567, 1.0, 0.7233529371373794, 0.9149411765968098, 1.0, 1.0, 0.7995294178233427, 1.0, 1.0, 0.7382941246032715, 1.0, 1.0, 1.0, 0.9531176454880659, 1.0, 0.8279411764705882, 0.6937647090238683, 1.0, 1.0, 1.0, 1.0, 1.0, 0.8580588225056143, 1.0, 1.0, 1.0, 0.934352939269122, 1.0, 1.0, 0.8547058834749109, 1.0, 1.0, 0.9170588240903966, 0.9299999994390151, 1.0, 1.0, 0.8947058817919563, 1.0, 0.9157647048725801, 1.0, 1.0, 1.0, 1.0, 1.0, 1.0, 1.0, 0.8390000090879552, 0.7902941142811495, 1.0, 0.777764715867884, 1.0, 1.0, 1.0, 0.8262352971469655, 0.8283529421862434, 1.0, 1.0, 1.0, 0.9197647094726562, 1.0, 0.8919999988640056, 0.8065294125500847, 1.0, 0.7464705930036657, 1.0, 1.0, 1.0, 0.8375294124378877, 1.0, 0.8578235289629768, 1.0, 0.8902352866004495, 0.7960588174707749, 0.8622352908639347, 0.7724705906475291, 0.7998823474435246, 0.947529411315918, 1.0, 1.0, 1.0, 0.8715294136720545, 1.0, 0.9561470592723174, 0.8041764708126292, 1.0, 0.911823527953204, 1.0, 0.786941177704755, 0.9087647073409136, 0.8687647090238684, 1.0, 0.7170588268953211, 1.0, 1.0, 1.0, 0.7507058872896082, 1.0, 0.9392941194422105, 0.7907647052231958, 1.0, 1.0, 0.9166470594967113, 1.0, 1.0, 0.8122352908639346, 0.8562941186568316, 1.0, 1.0, 0.8564705904792337, 1.0, 1.0, 1.0, 1.0, 0.8432352991665111, 0.9370588218464571, 0.9414705893572639, 0.800941172768088, 1.0, 0.8108235317118028, 1.0, 1.0, 1.0, 1.0, 1.0, 1.0, 0.7482352887882906, 1.0, 1.0, 1.0, 1.0, 0.8754117685205797, 1.0, 0.8587647045359892, 1.0, 0.8910000015707576, 1.0, 1.0, 1.0, 0.8786470595528098, 1.0, 1.0, 1.0, 1.0, 1.0, 0.9114705899182488, 1.0, 1.0, 1.0, 0.7801764768712661, 1.0, 1.0, 1.0, 1.0, 1.0, 1.0, 1.0, 1.0, 1.0, 1.0, 0.7852353011860567, 1.0, 1.0, 0.8377647119409898, 1.0, 1.0, 1.0, 0.9687352977079504, 0.8663529396057129, 1.0, 1.0, 0.8035882388844209, 1.0, 0.7182353019714356, 1.0, 0.9443529482448803, 1.0, 1.0, 1.0, 0.8061764717102051, 1.0, 1.0, 1.0, 1.0, 1.0, 1.0, 1.0, 0.8997058840358958, 1.0, 1.0, 1.0, 0.8502353023080265, 1.0, 1.0, 1.0, 1.0, 1.0, 1.0, 1.0, 1.0, 1.0, 1.0, 1.0, 1.0, 1.0, 1.0, 1.0, 1.0, 1.0, 1.0, 1.0, 1.0, 1.0, 1.0, 1.0, 1.0, 1.0, 1.0, 1.0, 1.0, 1.0, 1.0, 1.0, 0.92152941086713, 1.0, 1.0, 1.0, 1.0, 1.0, 1.0, 1.0, 1.0, 1.0, 1.0, 1.0, 0.7639999999719508, 1.0, 1.0, 1.0, 0.933470588571885, 1.0, 1.0, 1.0, 1.0, 1.0, 1.0, 1.0, 1.0, 1.0, 0.759529416701373, 1.0, 0.9645294133354636, 1.0, 0.6544705951915069, 1.0, 1.0, 1.0, 1.0, 1.0, 1.0, 1.0, 1.0, 1.0, 1.0, 1.0, 1.0, 1.0, 0.8710588258855483, 0.803882354147294, 1.0, 1.0, 1.0, 1.0, 1.0, 1.0, 1.0, 0.7335294134476605, 1.0, 1.0, 0.8865882340599509, 1.0, 1.0]
 
