* Quantidade de alunos do conjunto: 27
* Aluno representante: 699d03a9c1e8c65bd71a0ba2847d59d5
* Menor média de distancia: 0.8281944425017747
* Lista de médias de distancias:
[[699d03a9c1e8c65bd71a0ba2847d59d5, 0.8281944425017747], [eb5bd61d38b381b95ae1498c0fe69d02, 0.8886435136750892], [7130b34ad64bd8e9bcc5ef75bf6b43be, 0.8747268523331043], [0fb59b53b6701bb7e419ff0d5f634da0, 0.8621851847127634], [92e73844859f9e37b62232bd5aba8432, 0.8345509342573306], [a0ba5ba1f38782d8da9bd8a7bbf9edf9, 0.8644675874047808], [6c0ebc039b69b8b992e14988bf646b6f, 0.8606574103788094], [a716d965d2d2cf366dcff9c969b6c256, 0.8743703748340961], [9c3561cbaaf4e8c258c3dd4997f47654, 0.8615601854191887], [d84e30a8c89c1fd3d81f082262a9ba4d, 0.8915370355049769], [e50340f9671fd8cb2645f4e2bc0a2af0, 0.8709398173623614], [054d2569191eca1f23ef8302d84cd3bb, 0.8912268498429545], [e1278dbd1c32630f0e6284af032edffd, 0.9083796294750991], [f8d9185e31b524097b63edf069dd758e, 0.8535231483203396], [bb4da3fb7b622cdf628138719f2d55c2, 0.8800509298289264], [06b2d9bd51bc9d3e644448d5db00bad8, 0.8595740763125596], [fce3e592af57f286edfd1e46450d51c3, 0.8421157438445975], [ab73173363c0d892145f8b094dc7d455, 0.8906851811541451], [f71cd5a59ef19a21214cc66f04c2e255, 0.8782824062638812], [6b3bd4a61378f12a715abdba1d9f7838, 0.8844259247735693], [06e0019398e7d4184a6969bfc36c8bc2, 0.886319445791068], [e074625a1855adde60945dea809e9adf, 0.8807314823071161], [3c4be83e99e54eeb7b9024c3653f072d, 0.8699074079593023], [3ee7d18ed3b84c262ec0f7ebb6af87eb, 0.8743750041281734], [9d005ff32b101a08d44633ed183a76a6, 0.8535277782766907], [aa01d7b5b088bfb2d326919d2ba23b27, 0.8485879602255645], [79d36fc47f560c34e12a1cac5cbd7737, 0.8790185181079088]]
 
* Quantidade de disciplinas do representante: 48
* Limiar de jaccard do grupo: 0.10714285714285714
* Lista de limiares:
[0.10714285714285714, 0.11627906976744186, 0.11764705882352941, 0.22077922077922077, 0.22077922077922077, 0.24, 0.6491228070175439, 0.6545454545454545, 0.6545454545454545, 0.6551724137931034, 0.6666666666666666, 0.6666666666666666, 0.6666666666666666, 0.6727272727272727, 0.6785714285714286, 0.6785714285714286, 0.6785714285714286, 0.6792452830188679, 0.6909090909090909, 0.6981132075471698, 0.7169811320754716, 0.7169811320754716, 0.7222222222222222, 0.7307692307692307, 0.7358490566037735, 0.76, 1.0]
 
* Distancia mediana de similaridade: 0.8213749945163726
* Tamanho da lista dos alunos excluídos do conjunto e classificados como pertences ao perfil: 13
* Tamanho da lista dos alunos excluídos do conjunto e classificados como não pertences ao perfil: 14

* Tamanho da lista dos alunos em geral classificados como pertences ao perfil: 111
 
* Tamanho da lista dos alunos em geral classificados como não pertences ao perfil: 610
 
* Lista geral:
[1.0, 1.0, 1.0, 0.5207500040531159, 1.0, 1.0, 0.5823750019073487, 1.0, 1.0, 0.5823750019073487, 0.5823750019073487, 0.5823750019073487, 1.0, 1.0, 1.0, 1.0, 1.0, 0.5216250040568411, 0.6300000050105155, 1.0, 1.0, 1.0, 0.5235000040382147, 1.0, 1.0, 0.6512500047683716, 0.7758750021457672, 0.601625001989305, 0.6186250016093254, 1.0, 1.0, 0.6060000017285347, 1.0, 1.0, 0.6128750022500754, 1.0, 0.5207500040531159, 1.0, 1.0, 1.0, 0.8165000021457672, 1.0, 1.0, 0.7115000117570163, 1.0, 0.6657500028610229, 0.7386250115931035, 0.7931250005960464, 0.8235000044107437, 1.0, 0.6731250134296716, 1.0, 1.0, 1.0, 1.0, 0.7331249952316284, 0.7528750104829669, 1.0, 1.0, 1.0, 1.0, 0.712375010177493, 0.8275000125169754, 1.0, 0.5823750019073487, 1.0, 1.0, 0.9362500011920929, 1.0, 1.0, 0.9012499928474427, 1.0, 1.0, 1.0, 1.0, 0.9196249902248382, 1.0, 1.0, 1.0, 1.0, 0.8422500014305114, 1.0, 1.0, 1.0, 1.0, 1.0, 1.0, 0.8835000030696392, 0.5516250040382147, 1.0, 0.931124997138977, 0.772125007212162, 0.5823750019073487, 1.0, 1.0, 1.0, 1.0, 0.8145000077784061, 0.6693750090897084, 0.5823750019073487, 1.0, 1.0, 1.0, 0.9299999952316285, 1.0, 0.7893750056624412, 0.8121250107884407, 0.842750009894371, 1.0, 1.0, 1.0, 0.8257500037550927, 1.0, 1.0, 1.0, 1.0, 0.7710000080987811, 0.8016250014305115, 1.0, 1.0, 1.0, 1.0, 1.0, 1.0, 1.0, 1.0, 1.0, 0.9593750059604644, 0.8447500027716159, 1.0, 1.0, 1.0, 0.8617499887943267, 1.0, 1.0, 0.8902500033378601, 0.8403750061988831, 0.9269999980926513, 1.0, 0.8148749947547912, 0.6948750074952841, 0.8816249907016754, 0.800249981880188, 1.0, 0.8754999935626984, 1.0, 1.0, 0.7818750098347664, 0.9196250021457673, 1.0, 0.7250000059604644, 1.0, 1.0, 1.0, 1.0, 1.0, 1.0, 1.0, 1.0, 1.0, 0.5823750019073487, 1.0, 1.0, 1.0, 0.8460000097751618, 1.0, 1.0, 1.0, 1.0, 1.0, 0.7942500062286854, 0.9302500009536743, 0.851624995470047, 0.8464999914169311, 0.6923749923706055, 0.799874997138977, 1.0, 0.8171249866485596, 1.0, 0.8708749949932099, 0.8120000004768372, 0.8457499921321869, 1.0, 1.0, 1.0, 0.7872500061988831, 0.7618749856948852, 1.0, 0.9741249978542328, 0.9746249973773956, 0.8743749976158142, 0.8148750007152558, 0.7598750084638596, 0.8919999957084656, 1.0, 0.8877500027418137, 1.0, 0.6689999997615814, 0.8738750070333481, 0.5207500040531159, 1.0, 1.0, 0.8636249959468841, 0.8643750071525573, 0.7842500030994415, 0.8038750052452087, 0.9632499992847443, 0.9363749921321869, 1.0, 1.0, 1.0, 0.9013749837875367, 1.0, 1.0, 0.8710000038146972, 1.0, 0.9043750107288361, 0.796250008046627, 1.0, 0.8860000014305115, 1.0, 0.8632500052452087, 1.0, 1.0, 0.7342500075697899, 0.8718749940395355, 1.0, 1.0, 1.0, 1.0, 1.0, 1.0, 0.8464999973773957, 0.690750002861023, 0.9357500016689301, 0.7785000026226043, 1.0, 1.0, 1.0, 0.9164999961853028, 0.8757499873638153, 1.0, 1.0, 1.0, 0.7456250094808639, 0.8306250020861625, 1.0, 0.9586250007152557, 1.0, 1.0, 0.9022500038146972, 1.0, 0.9776250004768372, 0.8039999961853027, 1.0, 0.973375004529953, 0.97950000166893, 1.0, 0.6431250017136336, 0.8819999933242798, 0.9225000083446503, 0.899125000834465, 1.0, 0.8083749949932098, 0.9847499966621399, 0.7671250119805336, 0.806249988079071, 1.0, 1.0, 1.0, 0.8885000050067902, 0.9754999995231628, 0.9704999983310699, 0.8968749940395355, 1.0, 0.7500000059604645, 0.9161249995231628, 1.0, 1.0, 0.8617499947547913, 0.899874997138977, 0.8638749957084656, 1.0, 1.0, 1.0, 0.8538749933242797, 1.0, 1.0, 0.633375003002584, 1.0, 1.0, 1.0, 1.0, 1.0, 0.9252499938011169, 1.0, 1.0, 1.0, 0.9807500064373016, 0.7932499945163727, 0.8941250026226044, 1.0, 0.8376250073313714, 0.7255000069737434, 1.0, 1.0, 0.8240000009536743, 1.0, 1.0, 1.0, 1.0, 0.8411250114440918, 0.8270000100135804, 1.0, 0.98575000166893, 1.0, 1.0, 1.0, 1.0, 0.8774999976158142, 0.5448750033974648, 1.0, 0.8881250083446502, 1.0, 1.0, 0.9648750007152558, 1.0, 0.9355000108480453, 0.9606249988079071, 1.0, 1.0, 1.0, 1.0, 0.6395000040531158, 1.0, 0.7110000069253146, 0.9826250016689301, 1.0, 0.9256249964237213, 1.0, 0.9863749980926514, 1.0, 1.0, 0.9433750011026859, 0.7092500120401383, 1.0, 1.0, 1.0, 1.0, 1.0, 0.840625, 0.9043749928474426, 1.0, 1.0, 1.0, 1.0, 0.93887500166893, 0.9887499988079071, 1.0, 0.752875006198883, 1.0, 0.8480000033974647, 1.0, 1.0, 0.8155000030994415, 1.0, 1.0, 1.0, 1.0, 1.0, 1.0, 0.7783749997615814, 0.8712499976158142, 0.8777499973773957, 0.9274999976158143, 0.8678749978542328, 0.8633749961853028, 0.9332500025629997, 1.0, 1.0, 1.0, 0.8492500066757203, 0.6053750023245812, 0.9177499949932099, 0.8337499916553497, 0.877875006198883, 1.0, 1.0, 1.0, 0.8524999856948853, 0.9948749959468841, 1.0, 1.0, 0.9237500071525574, 0.8321250066161155, 0.9045000076293945, 0.9563750088214874, 1.0, 1.0, 1.0, 1.0, 0.8577500119805336, 1.0, 1.0, 1.0, 1.0, 0.8439999997615815, 1.0, 1.0, 0.8500000044703484, 0.7198750108480454, 0.9554999947547913, 1.0, 1.0, 1.0, 1.0, 1.0, 0.8283749997615815, 0.9111250042915344, 1.0, 0.5823750019073487, 1.0, 0.9259999990463257, 0.8432500064373016, 1.0, 1.0, 0.9127500057220459, 0.8595000088214875, 1.0, 1.0, 0.8819999992847443, 0.9181249976158142, 1.0, 0.8947500050067901, 1.0, 0.8932500064373017, 0.9323750019073487, 1.0, 0.9352499961853027, 1.0, 0.60137500166893, 1.0, 1.0, 1.0, 1.0, 1.0, 0.91700000166893, 1.0, 0.881375002861023, 0.8550000011920929, 0.890500009059906, 0.8992500007152557, 1.0, 1.0, 1.0, 1.0, 0.8575000040233135, 1.0, 1.0, 1.0, 1.0, 0.9921249985694885, 1.0, 1.0, 1.0, 1.0, 1.0, 0.8951249897480011, 1.0, 1.0, 0.9221249938011169, 1.0, 0.9143750011920929, 1.0, 1.0, 1.0, 1.0, 1.0, 0.8264999926090241, 1.0, 1.0, 0.8309999883174897, 0.9578750014305115, 1.0, 0.8759999930858612, 1.0, 1.0, 1.0, 0.8781249940395355, 1.0, 1.0, 0.7428750023245811, 0.8920000039041043, 1.0, 0.5207500040531159, 0.8598749987781048, 0.8324999988079071, 0.8858750075101852, 1.0, 0.9202499985694885, 1.0, 0.9362500011920929, 0.8718749940395355, 1.0, 0.8594999969005584, 1.0, 0.83924999833107, 0.8575000047683716, 0.899875009059906, 0.9078750014305115, 0.879749995470047, 0.8929999947547913, 0.9301249980926514, 0.6723749995231629, 1.0, 1.0, 0.8136249840259552, 1.0, 0.9018750071525574, 1.0, 0.929749995470047, 1.0, 0.9322500050067901, 0.7524999916553498, 0.8712499916553498, 0.8904999971389771, 0.73575000166893, 1.0, 0.8396249949932099, 0.820875009149313, 1.0, 1.0, 0.8661250054836274, 0.5388750046491623, 0.9436250030994415, 0.8058749951422215, 1.0, 0.8590000048279762, 1.0, 1.0, 1.0, 0.8746250092983245, 0.8673750042915345, 1.0, 0.9828750014305114, 0.9067499995231628, 0.9878749966621398, 0.8732500076293945, 0.9932500004768372, 0.5823750019073487, 0.8446249842643738, 1.0, 0.9879999995231629, 0.8650000095367432, 0.9102500021457672, 0.8227499902248383, 0.8996250033378601, 1.0, 0.8578750118613243, 0.8318749904632569, 1.0, 1.0, 1.0, 0.9121250092983246, 1.0, 1.0, 0.679625004529953, 1.0, 0.90762500166893, 1.0, 0.9227500081062316, 0.8811250060796738, 0.9084999918937683, 0.8790000051259994, 0.7600000113248825, 0.9848749995231628, 0.940749990940094, 1.0, 0.8270000040531158, 1.0, 0.9662499964237213, 1.0, 1.0, 1.0, 1.0, 0.8991249978542328, 0.8744999885559082, 1.0, 1.0, 1.0, 0.5892500020563602, 0.7733749985694885, 0.9878749966621398, 1.0, 0.9003750026226044, 0.8836250066757202, 0.5823750019073487, 1.0, 0.9036249935626983, 1.0, 1.0, 0.8302500009536743, 0.9637499988079071, 1.0, 1.0, 1.0, 0.8913750052452087, 1.0, 1.0, 0.8862500071525574, 1.0, 0.8181249856948852, 1.0, 1.0, 0.9601249992847443, 1.0, 1.0, 0.9041249930858613, 0.965625, 1.0, 1.0, 1.0, 1.0, 0.5823750019073487, 0.6650000024586915, 0.9278749942779541, 1.0, 0.9457499980926514, 0.9567499935626984, 0.8109999895095825, 1.0, 0.838750010728836, 0.7935000061988831, 1.0, 0.8555000007152558, 1.0, 1.0, 0.8003750030882657, 1.0, 1.0, 1.0, 1.0, 1.0, 0.7967499971389771, 0.9171250104904175, 0.7581250011920929, 1.0, 1.0, 1.0, 1.0, 1.0, 0.9933749973773957, 1.0, 1.0, 1.0, 1.0, 1.0, 1.0, 0.6998750001192093, 1.0, 0.9171250134706497, 0.9028750002384186, 1.0, 1.0, 0.8063750073313714, 0.9981249988079071, 1.0, 1.0, 1.0, 1.0, 1.0, 1.0, 0.9592500030994415, 0.8642500087618827, 1.0, 0.7908750146627426, 1.0, 0.9371249973773956, 1.0, 0.9741249978542328, 1.0, 1.0, 1.0, 1.0, 1.0, 1.0, 0.993624997138977, 0.9309999883174896, 0.9863749980926514, 0.9487500071525574, 1.0, 0.8723750054836273, 1.0, 1.0, 0.8751250013709069, 1.0, 1.0, 0.5207500040531159, 1.0, 1.0, 1.0, 0.9037500023841858, 1.0, 0.7708750069141388, 0.8031250059604644, 0.8014999985694885, 0.8777499973773957, 0.8098750066012144, 0.9466250009834767, 1.0, 1.0, 1.0, 0.7795000076293945, 1.0, 0.9607500016689301, 0.9055000007152557, 1.0, 1.0, 0.873499995470047, 0.9588749945163727, 1.0]
 

