* Limiar de jaccard do grupo: 0.48936170212765956
* Lista de jaccard do grupo:
[0.48936170212765956, 0.5, 0.5106382978723404, 0.5217391304347826, 0.5454545454545454, 0.5714285714285714]
list aluunos: 6
 
* Distancia mediana de similaridade: 0.9053077876321459
* Tamanho da lista dos alunos em geral classificados como pertences ao perfil: 46 
* Tamanho da lista dos alunos em geral classificados como não pertences ao perfil: 648
 
* Lista geral:
[1.0, 1.0, 1.0, 1.0, 1.0, 1.0, 1.0, 1.0, 1.0, 1.0, 1.0, 1.0, 1.0, 1.0, 1.0, 1.0, 1.0, 0.6516488098391584, 0.7721349210448799, 1.0, 1.0, 1.0, 1.0, 1.0, 1.0, 1.0, 1.0, 1.0, 0.6599751991865339, 1.0, 1.0, 1.0, 1.0, 1.0, 1.0, 1.0, 0.6513571431712499, 1.0, 1.0, 1.0, 1.0, 1.0, 1.0, 1.0, 1.0, 1.0, 1.0, 1.0, 1.0, 1.0, 1.0, 1.0, 1.0, 1.0, 1.0, 1.0, 1.0, 1.0, 1.0, 1.0, 1.0, 1.0, 1.0, 1.0, 1.0, 1.0, 1.0, 1.0, 1.0, 1.0, 1.0, 1.0, 1.0, 1.0, 1.0, 0.9061262430849845, 1.0, 1.0, 1.0, 1.0, 0.8963263887586811, 1.0, 1.0, 1.0, 1.0, 1.0, 1.0, 1.0, 1.0, 1.0, 1.0, 1.0, 1.0, 1.0, 1.0, 1.0, 1.0, 1.0, 1.0, 1.0, 1.0, 1.0, 1.0, 0.9365585348435811, 1.0, 1.0, 1.0, 1.0, 1.0, 1.0, 1.0, 1.0, 1.0, 1.0, 1.0, 1.0, 1.0, 1.0, 1.0, 1.0, 1.0, 1.0, 1.0, 1.0, 1.0, 1.0, 1.0, 0.9212529794682586, 1.0, 1.0, 1.0, 1.0, 0.9219751990267209, 1.0, 1.0, 0.9009751994911799, 0.9079275799412576, 1.0, 1.0, 1.0, 1.0, 0.9300235592025928, 1.0, 1.0, 1.0, 0.965534719824791, 1.0, 1.0, 1.0, 1.0, 1.0, 1.0, 1.0, 1.0, 1.0, 1.0, 1.0, 1.0, 1.0, 1.0, 1.0, 1.0, 1.0, 1.0, 1.0, 1.0, 1.0, 1.0, 1.0, 1.0, 1.0, 0.8692361144812176, 1.0, 1.0, 1.0, 0.89091666161265, 1.0, 1.0, 1.0, 0.9215872993328111, 0.8629283207591879, 1.0, 1.0, 1.0, 0.910676585764639, 1.0, 1.0, 1.0, 0.6513571431712499, 1.0, 1.0, 0.9534861131103108, 1.0, 1.0, 1.0, 1.0, 1.0, 1.0, 1.0, 1.0, 0.9206098694019217, 1.0, 1.0, 0.959999998010419, 1.0, 0.9375642368087063, 1.0, 1.0, 0.9115069430025797, 1.0, 1.0, 1.0, 1.0, 1.0, 1.0, 1.0, 1.0, 1.0, 1.0, 1.0, 1.0, 1.0, 1.0, 1.0, 1.0, 1.0, 1.0, 0.9600555553086221, 0.9054268323436931, 1.0, 1.0, 1.0, 1.0, 1.0, 1.0, 1.0, 1.0, 1.0, 1.0, 1.0, 1.0, 1.0, 1.0, 0.9631249990728167, 1.0, 1.0, 1.0, 0.9064427111554083, 1.0, 1.0, 1.0, 1.0, 1.0, 1.0, 1.0, 1.0, 1.0, 0.9196560028940439, 1.0, 1.0, 0.9523849190010754, 1.0, 0.8247569464974933, 0.9542222225949878, 1.0, 1.0, 0.9374114554395121, 0.9558750017077993, 0.9322123044303485, 1.0, 1.0, 1.0, 1.0, 1.0, 1.0, 1.0, 1.0, 1.0, 1.0, 1.0, 0.9293432555974476, 1.0, 1.0, 1.0, 1.0, 1.0, 1.0, 0.9187430584458289, 1.0, 1.0, 1.0, 0.8701862608471875, 1.0, 1.0, 1.0, 1.0, 0.8947569460642559, 0.9126567505418308, 1.0, 1.0, 1.0, 1.0, 1.0, 1.0, 1.0, 0.6663571427738855, 1.0, 1.0, 1.0, 1.0, 1.0, 1.0, 0.9189861132038964, 1.0, 1.0, 1.0, 1.0, 1.0, 1.0, 1.0, 1.0, 1.0, 1.0, 0.8889236076720177, 1.0, 1.0, 1.0, 1.0, 1.0, 1.0, 1.0, 1.0, 1.0, 1.0, 1.0, 1.0, 0.906724946289545, 1.0, 1.0, 1.0, 1.0, 1.0, 1.0, 1.0, 1.0, 1.0, 0.9238727670892206, 1.0, 1.0, 1.0, 1.0, 1.0, 1.0, 1.0, 1.0, 1.0, 1.0, 0.8710486111817537, 0.9241845228842327, 1.0, 0.8487408261765879, 1.0, 1.0, 1.0, 1.0, 1.0, 1.0, 1.0, 0.9518849221959946, 1.0, 1.0, 1.0, 1.0, 1.0, 1.0, 1.0, 1.0, 1.0, 1.0, 1.0, 1.0, 1.0, 1.0, 1.0, 1.0, 1.0, 1.0, 1.0, 1.0, 1.0, 1.0, 1.0, 1.0, 1.0, 0.9567599158911478, 1.0, 1.0, 1.0, 1.0, 1.0, 1.0, 1.0, 1.0, 1.0, 0.912354163937862, 1.0, 1.0, 1.0, 0.9092361152191799, 1.0, 1.0, 1.0, 1.0, 0.9517738116895238, 1.0, 0.9451480610443959, 1.0, 1.0, 0.950972223045334, 1.0, 0.7213501994571989, 1.0, 1.0, 1.0, 1.0, 1.0, 1.0, 1.0, 1.0, 0.908268850712628, 0.9563263901405864, 1.0, 1.0, 1.0, 1.0, 1.0, 1.0, 1.0, 1.0, 1.0, 1.0, 1.0, 1.0, 1.0, 1.0, 1.0, 0.9244513897688458, 1.0, 1.0, 1.0, 1.0, 1.0, 1.0, 1.0, 1.0, 1.0, 1.0, 1.0, 1.0, 0.8869293131584686, 1.0, 1.0, 0.8899521318535326, 1.0, 1.0, 1.0, 0.9519583315366791, 1.0, 1.0, 1.0, 0.9431388885610633, 1.0, 0.6513571431712499, 1.0, 1.0, 1.0, 1.0, 1.0, 1.0, 1.0, 0.8039900798429415, 1.0, 0.91868923832145, 1.0, 0.9493888906306691, 0.9105810989285745, 1.0, 0.9013789664204946, 1.0, 0.9460694442192713, 1.0, 1.0, 1.0, 1.0, 0.9508611096157914, 1.0, 0.8975632452263088, 1.0, 0.9706249995364084, 0.8503472212997694, 1.0, 0.9499583307239744, 0.8067199890418028, 1.0, 0.9024213772286813, 1.0, 1.0, 1.0, 1.0, 0.6615654767032653, 1.0, 0.8853142386351628, 1.0, 1.0, 1.0, 1.0, 1.0, 0.911365828375337, 0.9557787712860517, 1.0, 0.9976874980661604, 0.9205525802477957, 1.0, 0.8701388888888889, 0.9529305560721292, 1.0, 0.8824218707622359, 1.0, 0.9549513906240463, 1.0, 0.9209513903373764, 0.8622413198823337, 0.9453650814200205, 1.0, 0.7806180551391904, 1.0, 1.0, 1.0, 0.9258539204401944, 1.0, 1.0, 1.0, 1.0, 0.9390079362997933, 1.0, 0.8795972223102889, 0.9365099205384179, 0.9530793625467195, 0.8891805557534098, 1.0, 1.0, 1.0, 1.0, 1.0, 1.0, 1.0, 1.0, 1.0, 1.0, 1.0, 0.902777777527454, 0.894025544782795, 1.0, 1.0, 1.0, 1.0, 1.0, 1.0, 1.0, 1.0, 1.0, 1.0, 1.0, 1.0, 1.0, 0.8587899321325557, 1.0, 1.0, 1.0, 1.0, 0.9283836809711323, 1.0, 1.0, 0.9323055585245134, 1.0, 0.8832537201504228, 1.0, 1.0, 1.0, 1.0, 1.0, 1.0, 1.0, 1.0, 1.0, 1.0, 1.0, 1.0, 1.0, 1.0, 1.0, 1.0, 1.0, 0.8447239580923919, 1.0, 0.8805347208919191, 0.7558749996007436, 1.0, 0.8216527765705471, 0.9757152782546149, 1.0, 1.0, 1.0, 1.0, 1.0, 1.0, 1.0, 0.8522738091529362, 1.0, 1.0, 1.0, 1.0, 1.0, 1.0, 1.0, 1.0, 1.0, 1.0, 1.0, 1.0, 1.0, 1.0, 1.0, 1.0, 1.0, 1.0, 1.0, 1.0, 1.0, 1.0, 1.0, 1.0, 1.0, 1.0, 1.0, 1.0, 1.0, 0.9160577854861027, 1.0, 1.0, 1.0, 0.9367361094270433, 1.0, 1.0, 1.0, 1.0, 1.0, 1.0, 1.0, 1.0, 1.0, 0.920949649215533, 1.0, 1.0, 1.0, 0.9128807033180559, 1.0, 1.0, 1.0, 1.0, 1.0, 1.0, 1.0, 1.0, 1.0, 1.0, 1.0, 0.7475416677575263, 0.8111597242572951, 1.0, 0.9225607616048326, 1.0, 1.0, 1.0, 1.0, 1.0, 1.0, 1.0, 1.0, 1.0, 1.0, 1.0, 1.0, 1.0]
 
