* Limiar de jaccard do grupo: 0.43333333333333335
* Lista de limiares:
[0.43333333333333335, 0.696969696969697, 0.7419354838709677, 0.7419354838709677, 0.7714285714285715, 0.8709677419354839]
 
* Distancia mediana de similaridade: 0.8364386581562944
* Tamanho da lista dos alunos em geral classificados como pertences ao perfil: 52
 
* Tamanho da lista dos alunos em geral classificados como não pertences ao perfil: 676
 
* Lista geral de distancias:
[1.0, 1.0, 1.0, 1.0, 1.0, 1.0, 1.0, 1.0, 1.0, 1.0, 1.0, 1.0, 1.0, 1.0, 1.0, 1.0, 1.0, 1.0, 1.0, 1.0, 1.0, 1.0, 1.0, 1.0, 1.0, 1.0, 1.0, 1.0, 1.0, 1.0, 1.0, 1.0, 1.0, 1.0, 1.0, 1.0, 1.0, 1.0, 1.0, 1.0, 1.0, 1.0, 1.0, 1.0, 1.0, 1.0, 1.0, 1.0, 1.0, 1.0, 1.0, 1.0, 1.0, 1.0, 1.0, 1.0, 1.0, 1.0, 1.0, 0.8408362235886608, 0.9313950541354511, 1.0, 1.0, 0.9186771970801738, 0.9683446418068239, 1.0, 1.0, 1.0, 1.0, 1.0, 0.8686461763836596, 1.0, 1.0, 1.0, 1.0, 0.9025637752175028, 1.0, 1.0, 1.0, 1.0, 1.0, 1.0, 1.0, 1.0, 1.0, 1.0, 1.0, 1.0, 1.0, 1.0, 1.0, 1.0, 1.0, 1.0, 1.0, 1.0, 1.0, 1.0, 1.0, 1.0, 1.0, 1.0, 1.0, 1.0, 1.0, 1.0, 1.0, 1.0, 1.0, 1.0, 1.0, 1.0, 1.0, 1.0, 1.0, 1.0, 1.0, 1.0, 0.9388318452775656, 1.0, 1.0, 0.934330869414115, 1.0, 1.0, 1.0, 1.0, 0.8448732862275041, 1.0, 1.0, 0.9175806120481519, 0.8722783054467846, 0.9075207488520108, 1.0, 0.7367585378669277, 1.0, 0.8638573832654753, 0.8073019845439107, 0.7674132923920669, 1.0, 0.9266034861798493, 1.0, 1.0, 1.0, 0.9464854581560306, 1.0, 1.0, 1.0, 1.0, 1.0, 1.0, 1.0, 1.0, 1.0, 1.0, 1.0, 1.0, 1.0, 1.0, 1.0, 1.0, 1.0, 1.0, 1.0, 1.0, 1.0, 1.0, 0.9291294210107655, 0.7553998947468616, 0.8172309839631144, 1.0, 0.9099675919819469, 0.7641632963430033, 0.7308061563468835, 1.0, 0.749086500214367, 1.0, 0.7887347213495065, 0.8538940803239766, 0.8375536593249968, 1.0, 1.0, 1.0, 0.6970204470338994, 1.0, 1.0, 0.796351216300047, 1.0, 0.7854942502078275, 0.894546344461439, 0.7732632961121062, 1.0, 0.6541990141709365, 1.0, 1.0, 0.9232048345158926, 1.0, 1.0, 1.0, 1.0, 1.0, 1.0, 1.0, 0.9115208784898198, 1.0, 1.0, 1.0, 1.0, 1.0, 1.0, 1.0, 1.0, 1.0, 1.0, 0.9199353308345946, 1.0, 0.8944051781393079, 1.0, 1.0, 0.9009424715594319, 1.0, 0.9221585054665196, 1.0, 1.0, 0.7455918684527707, 1.0, 1.0, 1.0, 1.0, 1.0, 1.0, 1.0, 1.0, 1.0, 1.0, 1.0, 0.7626513963668549, 1.0, 1.0, 1.0, 0.9543681116744268, 0.8404896663968153, 1.0, 1.0, 1.0, 0.8481237126936945, 1.0, 1.0, 1.0, 1.0, 1.0, 0.9538375726729351, 1.0, 1.0, 1.0, 0.9489188653719185, 1.0, 1.0, 0.9479359708465382, 1.0, 0.7727055591554588, 1.0, 1.0, 0.8213558585637102, 1.0, 1.0, 1.0, 1.0, 1.0, 1.0, 0.7079132980459932, 1.0, 1.0, 1.0, 0.8523963747869872, 1.0, 1.0, 0.8923168786945848, 1.0, 0.8514124159707503, 0.9439415792951069, 1.0, 1.0, 0.925777877524538, 0.9330022954157725, 0.8889253276855841, 1.0, 1.0, 1.0, 1.0, 1.0, 1.0, 1.0, 1.0, 1.0, 1.0, 1.0, 1.0, 0.9460562927116241, 1.0, 1.0, 1.0, 0.9558358824833416, 0.6889847208272564, 1.0, 1.0, 0.9123651219749251, 1.0, 1.0, 1.0, 0.8196853229826124, 1.0, 1.0, 1.0, 1.0, 1.0, 1.0, 1.0, 1.0, 1.0, 1.0, 1.0, 1.0, 1.0, 1.0, 0.9069242379042085, 0.7380918665227156, 1.0, 1.0, 1.0, 1.0, 0.930897577704393, 1.0, 1.0, 1.0, 1.0, 1.0, 1.0, 1.0, 1.0, 1.0, 1.0, 1.0, 1.0, 1.0, 0.9596845217279735, 1.0, 1.0, 1.0, 1.0, 1.0, 0.7480561509654354, 1.0, 1.0, 1.0, 0.8828302641897225, 1.0, 1.0, 1.0, 1.0, 1.0, 1.0, 1.0, 1.0, 0.9355197979886843, 1.0, 1.0, 1.0, 1.0, 1.0, 1.0, 1.0, 1.0, 1.0, 1.0, 1.0, 0.9228375012316063, 0.9303653924684135, 0.7597013922032575, 1.0, 1.0, 1.0, 0.714829960103234, 1.0, 1.0, 1.0, 1.0, 1.0, 0.9455796363644403, 0.7423418638887579, 1.0, 1.0, 1.0, 1.0, 1.0, 1.0, 1.0, 1.0, 0.9555624156744301, 0.8882847215708546, 1.0, 1.0, 1.0, 1.0, 1.0, 1.0, 0.8622568779060552, 1.0, 0.9707071422625865, 1.0, 1.0, 0.9720988133088464, 0.730234723211442, 1.0, 1.0, 1.0, 1.0, 0.9517573120272687, 1.0, 1.0, 1.0, 1.0, 1.0, 0.7354847270034328, 1.0, 1.0, 1.0, 1.0, 1.0, 1.0, 1.0, 1.0, 0.8493475196402265, 1.0, 1.0, 0.8003427199894598, 0.935698725596121, 1.0, 0.9173393735588611, 1.0, 0.8802728173959745, 1.0, 1.0, 0.9493119891406018, 1.0, 1.0, 1.0, 1.0, 1.0, 1.0, 1.0, 1.0, 1.0, 1.0, 0.8529277513071716, 0.9441837066272005, 0.9463380124166506, 1.0, 1.0, 1.0, 1.0, 1.0, 1.0, 1.0, 1.0, 1.0, 1.0, 1.0, 1.0, 1.0, 1.0, 1.0, 0.8914586630493426, 1.0, 1.0, 1.0, 1.0, 1.0, 1.0, 1.0, 1.0, 1.0, 0.7564311590149009, 1.0, 1.0, 0.888120436327486, 0.9273391175903634, 1.0, 0.9056920061126148, 1.0, 1.0, 1.0, 0.9282224027996211, 1.0, 1.0, 1.0, 1.0, 1.0, 1.0, 1.0, 1.0, 1.0, 1.0, 1.0, 0.9234129135337942, 0.8412409016953744, 1.0, 0.8732868060555206, 0.7041275839646377, 1.0, 0.8180119355584917, 1.0, 0.9383137768837084, 0.8867397452673613, 0.8532963316201528, 0.7706847290833511, 0.935001956679079, 0.9043502111628423, 1.0, 1.0, 0.7292347258681062, 1.0, 1.0, 0.9548085863875593, 1.0, 0.9007735409825887, 1.0, 0.9559678146452167, 1.0, 0.9628086739418661, 0.7096847235603421, 1.0, 0.8163444316303547, 1.0, 1.0, 1.0, 1.0, 1.0, 1.0, 0.8812060386745805, 1.0, 1.0, 1.0, 0.9623559531959749, 0.8262821734243051, 0.8444722832416875, 1.0, 0.9929357126780919, 0.8805357886624071, 1.0, 0.9055143712445789, 0.9612619898513872, 1.0, 0.8482213271778684, 1.0, 0.976426872221791, 1.0, 0.8438987127635169, 0.9531930707775208, 1.0, 0.8225191321966498, 0.750734722394007, 1.0, 0.8188869388395854, 0.9378425584844358, 1.0, 0.8861976541950081, 1.0, 1.0, 1.0, 1.0, 0.8760343557897144, 1.0, 0.8969580805243379, 0.9057843123719755, 0.9278275493626185, 0.9257390304325389, 1.0, 1.0, 1.0, 1.0, 1.0, 1.0, 0.7440442486104231, 1.0, 1.0, 0.8609012247094312, 1.0, 1.0, 1.0, 0.9027763737500502, 0.7621585385604702, 0.8274303869170115, 1.0, 1.0, 1.0, 1.0, 0.6858061532815016, 0.9350295790294424, 1.0, 1.0, 0.8827835900080548, 1.0, 1.0, 1.0, 1.0, 1.0, 0.8019058541223126, 1.0, 1.0, 1.0, 1.0, 1.0, 1.0, 1.0, 0.8753713338066347, 1.0, 0.808009721609851, 1.0, 1.0, 1.0, 1.0, 1.0, 1.0, 1.0, 0.9671017864772251, 1.0, 1.0, 1.0, 1.0, 1.0, 0.9045250278434505, 0.9730452405519429, 1.0, 1.0, 0.7750409713916555, 1.0, 0.8430473624836323, 0.7959030595419256, 1.0, 0.847487669763263, 0.9808348214985536, 1.0, 1.0, 1.0, 1.0, 1.0, 1.0, 1.0, 0.8421488086881788, 1.0, 1.0, 1.0, 1.0, 1.0, 0.931471839751673, 1.0, 1.0, 1.0, 1.0, 1.0, 1.0, 1.0, 1.0, 1.0, 1.0, 1.0, 0.9417316330700707, 0.9414787817674809, 1.0, 1.0, 1.0, 1.0, 1.0, 1.0, 1.0, 1.0, 1.0, 1.0, 1.0, 1.0, 1.0, 1.0, 1.0, 0.9365091395845675, 1.0, 1.0, 1.0, 1.0, 1.0, 1.0, 0.9662267852893898, 1.0, 1.0, 0.9163885922212405, 1.0, 1.0, 1.0, 0.8384075102946915, 1.0, 1.0, 1.0, 1.0, 1.0, 1.0, 1.0, 1.0, 1.0, 1.0, 0.9155643980902016, 0.7887602036763108, 0.8165309539155997, 1.0, 0.8488653763074502, 1.0, 0.9138388046028686, 0.7131275873024978, 1.0, 0.9252104182226495, 1.0, 0.7186513943967083, 1.0, 1.0, 1.0, 1.0, 1.0, 0.8569673047107043, 1.0, 1.0]
 

